1.408616232
1.167121169
1.12938048
0.900699217
1.219935772
1.626390755
1.608247983
1.612098201
1.539703906
1.577201427
1.529684986
1.336315468
1.234396294
1.226115816
1.217835338
1.179824714
1.102918236
1.087972916
1.130508098
1.193078484
1.243125593
1.192883731
1.226175618
1.143200649
1.038462295
1.05289721
0.972865864
0.867626891
0.786054656
0.716790971
0.606520789
0.866494672
1.402026253
1.422975957
1.52458771
1.260683786
1.317078502
1.025110576
1.187743573
1.27689651
0.933892142
0.786381626
0.913282659
0.853327339
0.811424398
0.789762685
0.723467005
0.794304924
0.750923506
0.707542087
0.722538161
0.699844119
0.782424635
0.679967857
0.650399822
0.641859195
0.631271911
0.64783421
0.532617551
0.402336216
0.422984492
0.42236056
0.35612874
0.18487686
